0 0 0 0.465418184430873
0 1 0 0.4913552317921318
1 0 0 0.501136276272139
1 1 0 0.5029852070440984
0 0 1 0.4198448315182291
0 1 1 0.4481081578737805
1 0 1 0.41067844854654734
1 1 1 0.41218578384388554
0 0 2 0.48596932935018156
0 1 2 0.5102953442445338
1 0 2 0.554510639146213
1 1 2 0.556488469106889
0 0 3 0.37753461612814093
0 1 3 0.390893294707701
1 0 3 0.44671443541467026
1 1 3 0.44766520153684575
0 0 4 0.3265585983310474
0 1 4 0.3653942848378022
1 0 4 0.40514290515247187
1 1 4 0.4064434220396814
0 0 5 0.3441238098944416
0 1 5 0.36352501946449933
1 0 5 0.40742923710919043
1 1 5 0.40817309043250577
0 0 6 0.4155969460759459
0 1 6 0.42422665953446714
1 0 6 0.4634701932193918
1 1 6 0.46521629551286425
0 0 7 0.43275557197789805
0 1 7 0.41532976344772726
1 0 7 0.42631555368140245
1 1 7 0.4275997926293291
0 0 8 0.48461877992938085
0 1 8 0.4867908790443988
1 0 8 0.5083342004172475
1 1 8 0.509814496602518
0 0 9 0.5003319352785937
0 1 9 0.4914744405674389
1 0 9 0.5526459706697558
1 1 9 0.5537916646824099
0 0 10 0.4671764325094164
0 1 10 0.501864452917049
1 0 10 0.4777892499878019
1 1 10 0.4795278177948217
0 0 11 0.3025418475459312
0 1 11 0.30644346458945554
1 0 11 0.3621246684252676
1 1 11 0.36344686976976565
0 0 12 0.38120623724442637
0 1 12 0.3983194793043422
1 0 12 0.3976184830968309
1 1 12 0.3993755099517179
0 0 13 0.5815149817507697
0 1 13 0.5935491635768357
1 0 13 0.5951289359787417
1 1 13 0.5968474914511059
0 0 14 0.43653164584760484
0 1 14 0.42056320875084807
1 0 14 0.4235904225927885
1 1 14 0.42432052700672507
0 0 15 0.3168509085469732
0 1 15 0.33530553636202043
1 0 15 0.3468478157311147
1 1 15 0.34830102952394937
0 0 16 0.4821931357000966
0 1 16 0.4999577961009935
1 0 16 0.5435651801912431
1 1 16 0.545420613170488
0 0 17 0.3963932447644265
0 1 17 0.42587343862330745
1 0 17 0.43437428947424
1 1 17 0.43519168393307117
0 0 18 0.4765921790976977
0 1 18 0.4945442818145647
1 0 18 0.5689312445566201
1 1 18 0.571308605524644
0 0 19 0.40402899592407143
0 1 19 0.4152063126489388
1 0 19 0.5029656669235714
1 1 19 0.5036100608489689
0 0 20 0.3725016054494058
0 1 20 0.3890184367103625
1 0 20 0.4086208379800568
1 1 20 0.4097357506480853
0 0 21 0.38097301689475155
0 1 21 0.4024431035227363
1 0 21 0.4920317473085693
1 1 21 0.49295136302302023
0 0 22 0.5280997387483218
0 1 22 0.5428282718345955
1 0 22 0.605730591550721
1 1 22 0.606558179539029
0 0 23 0.39877089602499105
0 1 23 0.4219019382015429
1 0 23 0.4637725577938224
1 1 23 0.46563172995671087
0 0 24 0.3567617489662788
0 1 24 0.36766263912493363
1 0 24 0.37335833233838195
1 1 24 0.3747265209103546
0 0 25 0.38282693520398925
0 1 25 0.3976150799583911
1 0 25 0.4020811599620472
1 1 25 0.40359348788445076
0 0 26 0.43548113890768325
0 1 26 0.44640574728892507
1 0 26 0.4302290649210693
1 1 26 0.43195711101336265
0 0 27 0.5350225350846713
0 1 27 0.553510227300883
1 0 27 0.5891167558570028
1 1 27 0.5914462521841113
0 0 28 0.3420306124110118
0 1 28 0.36003145467940467
1 0 28 0.40820212321076743
1 1 28 0.4100010431087132
0 0 29 0.5022923516717053
0 1 29 0.5084433066193249
1 0 29 0.5131533088583998
1 1 29 0.5148347016125479
0 0 30 0.3957168875986573
0 1 30 0.40968950846929164
1 0 30 0.4158219158667043
1 1 30 0.4175879874300378
0 0 31 0.3733482593616579
0 1 31 0.3799121558454116
1 0 31 0.4460591154912536
1 1 31 0.44733294319762934
0 0 32 0.5018483108962866
0 1 32 0.49196184575985613
1 0 32 0.5177224566783045
1 1 32 0.5187319337198595
0 0 33 0.32134135070220593
0 1 33 0.32183518454525045
1 0 33 0.3586974968496241
1 1 33 0.36022427458619993
0 0 34 0.5543262927401578
0 1 34 0.6079161056877048
1 0 34 0.6319069939658556
1 1 34 0.6336544975205991
0 0 35 0.4486105098641489
0 1 35 0.46662302101731196
1 0 35 0.4762099130308268
1 1 35 0.47802413847329295
0 0 36 0.4617799141702365
0 1 36 0.474986709874082
1 0 36 0.5292435357794909
1 1 36 0.5304788331078144
0 0 37 0.37799775620382525
0 1 37 0.39566282089309296
1 0 37 0.37090993611800016
1 1 37 0.3724773132397273
0 0 38 0.41383361198172863
0 1 38 0.43042891396004973
1 0 38 0.4937277522239529
1 1 38 0.49468339979291304
0 0 39 0.41615653094873273
0 1 39 0.42883955531359913
1 0 39 0.49061294572246933
1 1 39 0.49214052845951733
0 0 40 0.45717643536136066
0 1 40 0.47378289757980474
1 0 40 0.5104032603716023
1 1 40 0.5116460897949532
0 0 41 0.3972018853545013
0 1 41 0.4293111843819898
1 0 41 0.4760178966052778
1 1 41 0.47750793912762557
0 0 42 0.4247371917775923
0 1 42 0.4521717510850758
1 0 42 0.46786711723828694
1 1 42 0.4698076891036916
0 0 43 0.5000856275427945
0 1 43 0.5393891248194348
1 0 43 0.605100874124131
1 1 43 0.607656742340976
0 0 44 0.36030371046033866
0 1 44 0.37354252378668584
1 0 44 0.4061408914306569
1 1 44 0.4073804957427104
0 0 45 0.33952499108786566
0 1 45 0.33487209104823756
1 0 45 0.3716253135580092
1 1 45 0.3728607222946897
0 0 46 0.5185640255603932
0 1 46 0.535241930312726
1 0 46 0.5036826889067036
1 1 46 0.5054914112757408
0 0 47 0.4167982702192199
0 1 47 0.42136763320863235
1 0 47 0.4356951402188175
1 1 47 0.43733305265933026
0 0 48 0.3592127479546337
0 1 48 0.356824793469605
1 0 48 0.3799010023227421
1 1 48 0.3800995466687968
0 0 49 0.4855579903280156
0 1 49 0.4960289818072387
1 0 49 0.5284069601859663
1 1 49 0.529619170708497
0 0 50 0.4582157016966909
0 1 50 0.47014916844904675
1 0 50 0.4697125147907323
1 1 50 0.47142496055127314
0 0 51 0.38886086462600694
0 1 51 0.4176245955751914
1 0 51 0.4398759107257485
1 1 51 0.4421826846074911
0 0 52 0.5232325295176847
0 1 52 0.5160797724126177
1 0 52 0.5092765122346724
1 1 52 0.5102071022038321
0 0 53 0.36157296604344086
0 1 53 0.37305895230659836
1 0 53 0.4021279425370099
1 1 53 0.4039008091144501
0 0 54 0.45923642500575257
0 1 54 0.47679511831517274
1 0 54 0.5440674132414293
1 1 54 0.5443751220048472
0 0 55 0.38454986269902025
0 1 55 0.4041413607882348
1 0 55 0.4378321437751401
1 1 55 0.4387339508783733
0 0 56 0.49321703032625497
0 1 56 0.4905274135486358
1 0 56 0.4690515507168784
1 1 56 0.4707170269030332
0 0 57 0.3050617556081907
0 1 57 0.3240013268319266
1 0 57 0.3925699535599849
1 1 57 0.3937513121045532
0 0 58 0.4296807357980731
0 1 58 0.4589437292499327
1 0 58 0.5128185428896547
1 1 58 0.5151112836589455
0 0 59 0.4506552338966915
0 1 59 0.46248186204339753
1 0 59 0.5093842251045344
1 1 59 0.5102673994258744
0 0 60 0.47555468418198055
0 1 60 0.4875336524053079
1 0 60 0.5045296391470162
1 1 60 0.5066136020291253
0 0 61 0.4300024495069438
0 1 61 0.4519808834815448
1 0 61 0.46516352795485877
1 1 61 0.46682124372984957
0 0 62 0.34401874551671896
0 1 62 0.3608522107310747
1 0 62 0.39444533398284254
1 1 62 0.395653143205632
0 0 63 0.2790136244984016
0 1 63 0.31748609822431956
1 0 63 0.38813089102797804
1 1 63 0.39088329109256326
0 0 64 0.41066201758255294
0 1 64 0.4113339767348737
1 0 64 0.48071026869205974
1 1 64 0.4807522250736649
0 0 65 0.4928175699858014
0 1 65 0.48780392522745497
1 0 65 0.48663241237207844
1 1 65 0.48709202328964096
0 0 66 0.53865852226503
0 1 66 0.5551608384988682
1 0 66 0.5709508675838159
1 1 66 0.5720334539595261
0 0 67 0.39842942571772183
0 1 67 0.41397280695201244
1 0 67 0.42203780424459253
1 1 67 0.4232971593336231
0 0 68 0.4174234348120171
0 1 68 0.4522207420586978
1 0 68 0.5047960119417987
1 1 68 0.506799126998774
0 0 69 0.4702577293901182
0 1 69 0.44980884908759394
1 0 69 0.4417098467658693
1 1 69 0.44316520003001353
0 0 70 0.4274877847822228
0 1 70 0.43920512077776497
1 0 70 0.41089775760603153
1 1 70 0.41265495270899777
0 0 71 0.4338320297698866
0 1 71 0.41541936178937655
1 0 71 0.4633480830605962
1 1 71 0.4648672931569718
0 0 72 0.4264678597028048
0 1 72 0.43597251709749923
1 0 72 0.4756038463226708
1 1 72 0.4774435738451679
0 0 73 0.4262399228084849
0 1 73 0.45057096120563794
1 0 73 0.43722986642496886
1 1 73 0.4382344222191007
0 0 74 0.31721180549603767
0 1 74 0.3433815886374417
1 0 74 0.3735791867137872
1 1 74 0.37538173780015693
0 0 75 0.48361996635765686
0 1 75 0.513166733402467
1 0 75 0.5126975700889587
1 1 75 0.514091989923004
0 0 76 0.37930517545439785
0 1 76 0.40081222879378187
1 0 76 0.435847391351885
1 1 76 0.43711375906793914
0 0 77 0.3958001776980745
0 1 77 0.4124210314116308
1 0 77 0.47336590077045076
1 1 77 0.4747466124612564
0 0 78 0.4309442120689135
0 1 78 0.44859683809755185
1 0 78 0.5141602572269677
1 1 78 0.5151625308333723
0 0 79 0.5237841864087032
0 1 79 0.5351211789902015
1 0 79 0.5958951202302091
1 1 79 0.5971778150246603
0 0 80 0.4564046959541333
0 1 80 0.4687386497318916
1 0 80 0.5028261795965462
1 1 80 0.5041322117861011
0 0 81 0.4824226840463791
0 1 81 0.4964911298785716
1 0 81 0.5221816051966076
1 1 81 0.5231586724009438
0 0 82 0.4030136331487529
0 1 82 0.41493366751679145
1 0 82 0.4000312264643123
1 1 82 0.4014471834046118
0 0 83 0.43094026421906656
0 1 83 0.4627467877330019
1 0 83 0.531414414677307
1 1 83 0.5338112718542557
0 0 84 0.3640661238211689
0 1 84 0.3707751600013552
1 0 84 0.4062414504150502
1 1 84 0.40754571918889226
0 0 85 0.45661677594752126
0 1 85 0.44651030075945475
1 0 85 0.41496805360225136
1 1 85 0.41605694103277474
0 0 86 0.4726098659335368
0 1 86 0.5100004360097675
1 0 86 0.5190431477763949
1 1 86 0.5213437738673334
0 0 87 0.3722071830213413
0 1 87 0.39485122443469256
1 0 87 0.41749444587523865
1 1 87 0.4181022657835948
0 0 88 0.4613671272605854
0 1 88 0.45930730267544584
1 0 88 0.4401202220347106
1 1 88 0.4414239456144554
0 0 89 0.35364107862060057
0 1 89 0.3740883643075293
1 0 89 0.5275471288749469
1 1 89 0.5295664473218787
0 0 90 0.42321630990529996
0 1 90 0.4501128846708135
1 0 90 0.4855848227759451
1 1 90 0.4875523661124158
0 0 91 0.47510387841760926
0 1 91 0.5024887382401007
1 0 91 0.5215264512547764
1 1 91 0.5234402934444949
0 0 92 0.4122750910163223
0 1 92 0.418807751767624
1 0 92 0.48399664888142563
1 1 92 0.4852758180193043
0 0 93 0.43284294605535417
0 1 93 0.4458942035342079
1 0 93 0.43212290659532177
1 1 93 0.43257374392590675
0 0 94 0.4245409177724012
0 1 94 0.4369132203648626
1 0 94 0.4468426622105798
1 1 94 0.4488664776431121
0 0 95 0.49129265377262693
0 1 95 0.5080764190152793
1 0 95 0.5387676296141735
1 1 95 0.5410559969691368
0 0 96 0.396336075050418
0 1 96 0.3900296508281573
1 0 96 0.41117421967522283
1 1 96 0.41218943228482435
0 0 97 0.4271544545647922
0 1 97 0.43741451847688173
1 0 97 0.47879138589653225
1 1 97 0.4803318772806837
0 0 98 0.3607815189768431
0 1 98 0.3751262627201036
1 0 98 0.43354658422720205
1 1 98 0.43423102723662155
0 0 99 0.41817772899429617
0 1 99 0.4376116193382679
1 0 99 0.4401072363587065
1 1 99 0.44156657878674455